		Temp	Hi	Low	Out	Dew	Wind	Wind	Wind	Hi	Hi	Wind	Heat	THW	THSW			Rain	Solar	Solar	Hi Solar	UV 	UV 	Hi 	Heat	Cool	In 	In	In 	In 	In 	In Air		Soil 1	Soil 	Leaf	Leaf 	Wind	Wind	ISS 	Arc.
Date	Time	Out	Temp	Temp	Hum	Pt.	Speed	Dir	Run	Speed	Dir	Chill	Index	Index	Index	Bar  	Rain	Rate	Rad.	Energy	Rad. 	Index	Dose	UV 	D-D 	D-D 	Temp	Hum	Dew	Heat	EMC	Density	ET 	Moist.	Temp 1	Wet 1	Temp 1	Samp	Tx 	Recept	Int.
06/04/17	0:10	17.2	17.2	17.1	89	15.4	1.6	NNE	0.27	8.0	NNW	17.2	17.6	17.6	---	1014.7	0.00	0.0	0	0.00	0	0.0	0.00	0.0	0.008	0.000	26.3	51	15.3	26.4	9.35	 .0725	0.00	---	---	---	---	208	1	91.2	10
06/04/17	0:20	17.8	17.8	17.2	85	15.3	1.6	NNE	0.27	8.0	E	17.8	18.2	18.2	---	1014.8	0.00	0.0	0	0.00	0	0.0	0.00	0.0	0.003	0.000	26.4	51	15.4	26.6	9.35	 .0724	0.00	---	---	---	---	212	1	93.0	10
06/04/17	0:30	18.4	18.4	17.9	84	15.7	1.6	E	0.27	12.9	E	18.4	18.9	18.9	---	1014.8	0.00	0.0	0	0.00	0	0.0	0.00	0.0	0.000	0.001	26.2	52	15.6	26.4	9.47	 .0725	0.00	---	---	---	---	212	1	93.0	10
06/04/17	0:40	18.2	18.4	18.2	85	15.7	1.6	NE	0.27	6.4	NE	18.2	18.7	18.7	---	1014.8	0.00	0.0	0	0.00	0	0.0	0.00	0.0	0.001	0.000	26.3	51	15.3	26.4	9.35	 .0725	0.00	---	---	---	---	209	1	91.7	10
06/04/17	0:50	18.1	18.2	18.1	83	15.2	1.6	NE	0.27	6.4	N	18.1	18.5	18.5	---	1014.7	0.00	0.0	0	0.00	0	0.0	0.00	0.0	0.002	0.000	26.2	51	15.3	26.4	9.35	 .0725	0.00	---	---	---	---	210	1	92.1	10
06/04/17	1:00	18.0	18.2	18.0	84	15.3	1.6	NNE	0.27	6.4	NNE	18.0	18.4	18.4	---	1014.4	0.00	0.0	0	0.00	0	0.0	0.00	0.0	0.002	0.000	26.2	51	15.3	26.4	9.35	 .0725	0.00	---	---	---	---	208	1	91.2	10
06/04/17	1:10	17.2	17.9	17.2	87	15.0	1.6	NNE	0.27	8.0	N	17.2	17.5	17.5	---	1014.3	0.00	0.0	0	0.00	0	0.0	0.00	0.0	0.008	0.000	26.4	51	15.4	26.6	9.35	 .0724	0.00	---	---	---	---	212	1	93.0	10
06/04/17	1:20	16.8	17.1	16.8	89	15.0	0.0	NNE	0.00	4.8	NNE	16.8	17.1	17.1	---	1014.2	0.00	0.0	0	0.00	0	0.0	0.00	0.0	0.011	0.000	26.2	51	15.3	26.4	9.35	 .0725	0.00	---	---	---	---	210	1	92.1	10
06/04/17	1:30	16.7	16.8	16.6	89	14.9	1.6	NNE	0.27	12.9	NW	16.7	17.0	17.0	---	1014.3	0.00	0.0	0	0.00	0	0.0	0.00	0.0	0.011	0.000	26.2	51	15.3	26.4	9.35	 .0725	0.00	---	---	---	---	209	1	91.7	10
06/04/17	1:40	16.9	16.9	16.7	88	14.9	1.6	ENE	0.27	8.0	NE	16.9	17.2	17.2	---	1014.2	0.00	0.0	0	0.00	0	0.0	0.00	0.0	0.010	0.000	26.1	51	15.2	26.3	9.35	 .0725	0.00	---	---	---	---	199	1	87.3	10
06/04/17	1:50	17.6	17.6	16.9	85	15.1	1.6	ESE	0.27	8.0	ESE	17.6	17.9	17.9	---	1014.2	0.00	0.0	0	0.00	0	0.0	0.00	0.0	0.005	0.000	26.1	51	15.2	26.3	9.35	 .0725	0.00	---	---	---	---	196	1	86.0	10
06/04/17	2:00	18.1	18.1	17.6	84	15.3	1.6	SE	0.27	11.3	E	18.1	18.4	18.4	---	1014.2	0.00	0.0	0	0.00	0	0.0	0.00	0.0	0.002	0.000	26.1	51	15.2	26.3	9.35	 .0725	0.00	---	---	---	---	201	1	88.2	10
06/04/17	2:10	17.4	18.1	17.4	85	14.9	1.6	NE	0.27	6.4	ENE	17.4	17.7	17.7	---	1014.3	0.00	0.0	0	0.00	0	0.0	0.00	0.0	0.006	0.000	26.0	51	15.1	26.1	9.35	 .0725	0.00	---	---	---	---	200	1	87.7	10
06/04/17	2:20	17.7	17.7	17.4	84	15.0	1.6	NNE	0.27	6.4	ESE	17.7	18.1	18.1	---	1014.3	0.00	0.0	0	0.00	0	0.0	0.00	0.0	0.004	0.000	26.1	51	15.2	26.3	9.35	 .0725	0.00	---	---	---	---	193	1	84.6	10
06/04/17	2:30	18.1	18.1	17.7	83	15.2	1.6	E	0.27	9.7	ESE	18.1	18.5	18.5	---	1014.1	0.00	0.0	0	0.00	0	0.0	0.00	0.0	0.002	0.000	26.0	51	15.1	26.1	9.35	 .0725	0.00	---	---	---	---	195	1	85.5	10
06/04/17	2:40	17.9	18.2	17.9	84	15.2	1.6	E	0.27	6.4	E	17.9	18.3	18.3	---	1014.1	0.00	0.0	0	0.00	0	0.0	0.00	0.0	0.003	0.000	26.0	51	15.1	26.1	9.35	 .0725	0.00	---	---	---	---	198	1	86.8	10
06/04/17	2:50	17.4	17.9	17.4	86	15.0	1.6	E	0.27	3.2	E	17.4	17.7	17.7	---	1014.0	0.00	0.0	0	0.00	0	0.0	0.00	0.0	0.007	0.000	26.0	51	15.1	26.1	9.35	 .0725	0.00	---	---	---	---	200	1	87.7	10
06/04/17	3:00	17.1	17.4	17.1	88	15.1	0.0	E	0.00	3.2	E	17.1	17.4	17.4	---	1014.0	0.00	0.0	0	0.00	0	0.0	0.00	0.0	0.008	0.000	26.0	51	15.1	26.1	9.35	 .0725	0.00	---	---	---	---	199	1	87.3	10
06/04/17	3:10	16.8	17.1	16.8	89	15.0	1.6	E	0.27	4.8	E	16.8	17.1	17.1	---	1013.9	0.00	0.0	0	0.00	0	0.0	0.00	0.0	0.010	0.000	26.0	51	15.1	26.1	9.35	 .0725	0.00	---	---	---	---	197	1	86.4	10
06/04/17	3:20	16.6	16.8	16.6	90	15.0	1.6	E	0.27	3.2	E	16.6	16.9	16.9	---	1013.9	0.00	0.0	0	0.00	0	0.0	0.00	0.0	0.012	0.000	25.9	51	15.0	26.0	9.35	 .0725	0.00	---	---	---	---	199	1	87.3	10
06/04/17	3:30	16.4	16.6	16.4	91	15.0	0.0	E	0.00	3.2	E	16.4	16.7	16.7	---	1014.1	0.00	0.0	0	0.00	0	0.0	0.00	0.0	0.013	0.000	26.0	51	15.1	26.1	9.35	 .0725	0.00	---	---	---	---	200	1	87.7	10
06/04/17	3:40	16.5	16.5	16.4	90	14.9	1.6	E	0.27	6.4	NW	16.5	16.8	16.8	---	1014.0	0.00	0.0	0	0.00	0	0.0	0.00	0.0	0.013	0.000	25.9	51	15.0	26.0	9.35	 .0725	0.00	---	---	---	---	202	1	88.6	10
06/04/17	3:50	16.6	16.6	16.5	90	14.9	1.6	NNE	0.27	6.4	NE	16.6	16.8	16.8	---	1014.0	0.00	0.0	0	0.00	0	0.0	0.00	0.0	0.012	0.000	25.9	51	15.0	26.0	9.35	 .0725	0.00	---	---	---	---	198	1	86.8	10
06/04/17	4:00	16.4	16.5	16.4	90	14.7	0.0	NE	0.00	3.2	NE	16.4	16.7	16.7	---	1014.0	0.00	0.0	0	0.00	0	0.0	0.00	0.0	0.014	0.000	26.1	51	15.2	26.3	9.35	 .0725	0.00	---	---	---	---	199	1	87.3	10
06/04/17	4:10	16.3	16.4	16.3	91	14.8	1.6	NE	0.27	6.4	NW	16.3	16.6	16.6	---	1014.1	0.00	0.0	0	0.00	0	0.0	0.00	0.0	0.014	0.000	26.0	51	15.1	26.1	9.35	 .0725	0.00	---	---	---	---	201	1	88.2	10
06/04/17	4:20	16.4	16.4	16.3	91	15.0	1.6	N	0.27	3.2	NNW	16.4	16.7	16.7	---	1014.0	0.00	0.0	0	0.00	0	0.0	0.00	0.0	0.013	0.000	26.0	51	15.1	26.1	9.35	 .0725	0.00	---	---	---	---	196	1	86.0	10
06/04/17	4:30	16.6	16.6	16.4	90	14.9	1.6	NNE	0.27	6.4	N	16.6	16.8	16.8	---	1013.8	0.00	0.0	0	0.00	0	0.0	0.00	0.0	0.012	0.000	25.9	51	15.0	26.0	9.35	 .0725	0.00	---	---	---	---	198	1	86.8	10
06/04/17	4:40	16.6	16.6	16.6	90	15.0	1.6	N	0.27	6.4	NNW	16.6	16.9	16.9	---	1013.7	0.00	0.0	0	0.00	0	0.0	0.00	0.0	0.012	0.000	25.9	51	15.0	26.0	9.35	 .0725	0.00	---	---	---	---	199	1	87.3	10
06/04/17	4:50	16.4	16.6	16.4	90	14.8	0.0	NE	0.00	3.2	NE	16.4	16.7	16.7	---	1013.7	0.00	0.0	0	0.00	0	0.0	0.00	0.0	0.013	0.000	26.0	51	15.1	26.1	9.35	 .0725	0.00	---	---	---	---	203	1	89.0	10
06/04/17	5:00	16.3	16.4	16.3	91	14.9	0.0	NE	0.00	1.6	NE	16.3	16.6	16.6	---	1013.9	0.00	0.0	0	0.00	0	0.0	0.00	0.0	0.014	0.000	25.9	51	15.0	26.0	9.35	 .0725	0.00	---	---	---	---	198	1	86.8	10
06/04/17	5:10	16.5	16.5	16.3	89	14.7	1.6	SSE	0.27	6.4	SSW	16.5	16.7	16.7	---	1014.1	0.00	0.0	0	0.00	0	0.0	0.00	0.0	0.013	0.000	25.9	51	15.0	26.0	9.35	 .0725	0.00	---	---	---	---	197	1	86.4	10
06/04/17	5:20	16.8	16.8	16.5	88	14.8	1.6	ESE	0.27	4.8	ENE	16.8	17.1	17.1	---	1014.2	0.00	0.0	0	0.00	0	0.0	0.00	0.0	0.010	0.000	25.8	51	14.9	25.9	9.35	 .0726	0.00	---	---	---	---	192	1	84.2	10
06/04/17	5:30	16.9	16.9	16.8	88	14.9	1.6	NNW	0.27	9.7	NNW	16.9	17.2	17.2	---	1014.2	0.00	0.0	0	0.00	0	0.0	0.00	0.0	0.010	0.000	25.9	51	15.0	26.0	9.35	 .0726	0.00	---	---	---	---	195	1	85.5	10
06/04/17	5:40	16.9	17.1	16.9	88	14.9	1.6	NNE	0.27	4.8	NNE	16.9	17.2	17.2	---	1014.5	0.00	0.0	0	0.00	0	0.0	0.00	0.0	0.010	0.000	25.8	51	14.9	25.9	9.35	 .0726	0.00	---	---	---	---	198	1	86.8	10
06/04/17	5:50	16.8	16.9	16.8	89	15.0	0.0	NNE	0.00	3.2	NNE	16.8	17.1	17.1	---	1014.7	0.00	0.0	0	0.00	0	0.0	0.00	0.0	0.011	0.000	25.8	51	14.9	25.9	9.35	 .0726	0.00	---	---	---	---	195	1	85.5	10
06/04/17	6:00	16.8	16.8	16.7	88	14.8	1.6	ESE	0.27	6.4	ESE	16.8	17.1	17.1	---	1014.8	0.00	0.0	0	0.00	0	0.0	0.00	0.0	0.010	0.000	25.9	51	15.0	26.0	9.35	 .0726	0.00	---	---	---	---	196	1	86.0	10
06/04/17	6:10	17.2	17.2	16.8	86	14.8	1.6	ESE	0.27	6.4	N	17.2	17.4	17.4	---	1014.8	0.00	0.0	0	0.00	0	0.0	0.00	0.0	0.008	0.000	25.8	51	14.9	25.9	9.35	 .0726	0.00	---	---	---	---	203	1	89.0	10
06/04/17	6:20	17.4	17.4	17.2	85	14.9	1.6	WNW	0.27	8.0	NNW	17.4	17.7	17.7	---	1015.1	0.00	0.0	8	0.11	11	0.0	0.00	0.0	0.006	0.000	25.8	51	14.9	25.9	9.35	 .0727	0.00	---	---	---	---	195	1	85.5	10
06/04/17	6:30	17.6	17.6	17.4	86	15.2	1.6	ENE	0.27	4.8	SSW	17.6	17.9	17.9	---	1015.3	0.00	0.0	18	0.26	19	0.0	0.00	0.0	0.005	0.000	25.8	51	14.9	25.9	9.35	 .0727	0.00	---	---	---	---	197	1	86.4	10
06/04/17	6:40	17.3	17.6	17.3	88	15.3	1.6	NNE	0.27	4.8	E	17.3	17.7	17.7	---	1015.3	0.00	0.0	24	0.34	26	0.0	0.00	0.0	0.007	0.000	25.8	51	14.9	25.9	9.35	 .0727	0.00	---	---	---	---	199	1	87.3	10
06/04/17	6:50	17.4	17.4	17.3	84	14.7	3.2	ESE	0.54	6.4	ESE	17.4	17.7	17.7	---	1015.4	0.00	0.0	35	0.50	49	0.0	0.00	0.0	0.006	0.000	26.0	51	15.1	26.1	9.35	 .0726	0.00	---	---	---	---	197	1	86.4	10
06/04/17	7:00	17.8	17.8	17.4	84	15.0	1.6	SW	0.27	6.4	WSW	17.8	18.1	18.1	---	1015.4	0.00	0.0	70	1.00	86	0.0	0.00	0.0	0.004	0.000	25.9	51	15.0	26.0	9.35	 .0727	0.03	---	---	---	---	203	1	89.0	10
06/04/17	7:10	18.2	18.2	17.8	86	15.8	1.6	SW	0.27	8.0	WNW	18.2	18.6	18.6	---	1015.5	0.00	0.0	94	1.35	113	0.0	0.00	0.0	0.001	0.000	25.9	51	15.0	26.0	9.35	 .0727	0.00	---	---	---	---	198	1	86.8	10
06/04/17	7:20	18.3	18.3	18.2	84	15.6	1.6	NNE	0.27	4.8	NNE	18.3	18.8	18.8	---	1015.6	0.00	0.0	111	1.59	176	0.0	0.00	0.0	0.000	0.000	25.9	52	15.3	26.1	9.48	 .0726	0.00	---	---	---	---	197	1	86.4	10
06/04/17	7:30	18.8	18.8	18.3	81	15.5	1.6	NE	0.27	4.8	NNE	18.8	19.3	19.3	---	1015.8	0.00	0.0	103	1.48	160	0.0	0.00	0.0	0.000	0.003	25.9	51	15.0	26.0	9.35	 .0727	0.00	---	---	---	---	199	1	87.3	10
06/04/17	7:40	19.1	19.1	18.8	80	15.5	3.2	NE	0.54	6.4	E	19.1	19.6	19.6	---	1015.8	0.00	0.0	99	1.42	137	0.0	0.00	0.0	0.000	0.005	26.1	51	15.2	26.3	9.35	 .0726	0.00	---	---	---	---	203	1	89.0	10
06/04/17	7:50	19.2	19.2	19.1	79	15.4	1.6	SSE	0.27	6.4	SE	19.2	19.7	19.7	---	1015.9	0.00	0.0	136	1.95	167	0.0	0.00	0.0	0.000	0.006	26.0	51	15.1	26.1	9.35	 .0726	0.00	---	---	---	---	203	1	89.0	10
06/04/17	8:00	19.3	19.3	19.2	80	15.8	1.6	SW	0.27	4.8	SW	19.3	19.9	19.9	---	1016.0	0.00	0.0	155	2.22	171	0.0	0.00	0.0	0.000	0.007	26.1	51	15.2	26.3	9.35	 .0726	0.08	---	---	---	---	196	1	86.0	10
06/04/17	8:10	19.6	19.6	19.3	78	15.6	1.6	S	0.27	4.8	SSE	19.6	20.1	20.1	---	1016.3	0.00	0.0	134	1.92	149	0.0	0.00	0.0	0.000	0.008	26.0	51	15.1	26.1	9.35	 .0727	0.00	---	---	---	---	198	1	86.8	10
06/04/17	8:20	19.8	19.8	19.6	78	15.8	1.6	SSE	0.27	4.8	SSE	19.8	20.4	20.4	---	1016.5	0.00	0.0	115	1.65	142	0.0	0.00	0.0	0.000	0.010	26.1	51	15.2	26.3	9.35	 .0727	0.00	---	---	---	---	193	1	84.6	10
06/04/17	8:30	19.8	19.8	19.8	78	15.9	1.6	SSE	0.27	3.2	SSE	19.8	20.4	20.4	---	1016.6	0.00	0.0	69	0.99	76	0.0	0.00	0.0	0.000	0.010	26.1	51	15.2	26.3	9.35	 .0727	0.00	---	---	---	---	195	1	85.5	10
06/04/17	8:40	19.7	19.8	19.7	79	16.0	1.6	W	0.27	6.4	W	19.7	20.3	20.3	---	1016.8	0.00	0.0	74	1.06	76	0.0	0.00	0.0	0.000	0.010	26.1	51	15.2	26.3	9.35	 .0727	0.00	---	---	---	---	191	1	83.8	10
06/04/17	8:50	19.7	19.7	19.7	79	16.0	1.6	W	0.27	3.2	W	19.7	20.3	20.3	---	1016.8	0.00	0.0	76	1.09	79	0.0	0.00	0.0	0.000	0.010	26.2	53	15.9	26.4	9.65	 .0726	0.00	---	---	---	---	177	1	77.6	10
06/04/17	9:00	19.8	19.8	19.7	79	16.0	1.6	SE	0.27	6.4	SE	19.8	20.4	20.4	---	1016.9	0.00	0.0	81	1.16	86	0.1	0.01	0.6	0.000	0.010	26.4	53	16.0	26.6	9.65	 .0725	0.05	---	---	---	---	164	1	71.9	10
06/04/17	9:10	19.9	19.9	19.8	80	16.4	0.0	SE	0.00	3.2	SE	19.9	20.7	20.7	---	1016.9	0.00	0.0	75	1.08	84	0.0	0.00	0.0	0.000	0.011	26.7	52	16.0	26.9	9.45	 .0725	0.00	---	---	---	---	158	1	69.3	10
06/04/17	9:20	20.0	20.1	19.9	80	16.4	1.6	SE	0.27	3.2	SE	20.0	20.7	20.7	---	1016.9	0.00	0.0	105	1.51	146	0.2	0.01	0.6	0.000	0.012	26.8	53	16.4	27.1	9.64	 .0724	0.00	---	---	---	---	174	1	76.3	10
06/04/17	9:30	20.2	20.2	20.1	80	16.6	1.6	SE	0.27	3.2	SE	20.2	20.9	20.9	---	1017.1	0.00	0.0	122	1.75	163	0.6	0.04	1.0	0.000	0.013	27.0	53	16.6	27.3	9.64	 .0724	0.00	---	---	---	---	174	1	76.3	10
06/04/17	9:40	20.2	20.2	20.2	79	16.4	1.6	SW	0.27	4.8	SW	20.2	20.9	20.9	---	1017.2	0.00	0.0	68	0.97	83	0.0	0.00	0.0	0.000	0.013	27.1	52	16.4	27.4	9.43	 .0724	0.00	---	---	---	---	168	1	73.7	10
06/04/17	9:50	20.2	20.2	20.1	80	16.6	0.0	SW	0.00	3.2	SW	20.2	20.9	20.9	---	1017.1	0.00	0.0	89	1.28	98	0.0	0.00	0.0	0.000	0.013	26.9	53	16.6	27.2	9.64	 .0724	0.00	---	---	---	---	147	1	64.5	10
06/04/17	10:00	20.2	20.2	20.2	81	16.9	0.0	SW	0.00	1.6	SW	20.2	21.0	21.0	---	1017.1	0.00	0.0	121	1.73	141	0.6	0.04	0.8	0.000	0.013	26.9	54	16.8	27.3	9.75	 .0724	0.05	---	---	---	---	158	1	69.3	10
06/04/17	10:10	20.2	20.3	20.2	82	17.0	1.6	SW	0.27	3.2	SW	20.2	21.1	21.1	---	1017.4	0.00	0.0	79	1.13	121	0.3	0.02	0.7	0.000	0.013	26.5	53	16.1	26.8	9.65	 .0725	0.00	---	---	---	---	167	1	73.2	10
06/04/17	10:20	20.2	20.2	20.2	85	17.6	1.6	SW	0.27	6.4	N	20.2	21.1	21.1	---	1017.5	0.20	0.0	38	0.54	44	0.0	0.00	0.0	0.000	0.013	26.6	56	17.1	27.1	10.05	 .0724	0.00	---	---	---	---	163	1	71.5	10
06/04/17	10:30	19.8	20.2	19.8	88	17.8	1.6	W	0.27	6.4	W	19.8	20.7	20.7	---	1017.7	0.20	3.4	32	0.46	37	0.0	0.00	0.0	0.000	0.010	26.8	56	17.3	27.3	10.05	 .0724	0.00	---	---	---	---	150	1	65.8	10
06/04/17	10:40	19.4	19.8	19.4	89	17.6	1.6	NW	0.27	9.7	NW	19.4	20.3	20.3	---	1017.9	0.20	1.4	41	0.59	47	0.0	0.00	0.0	0.000	0.008	26.9	56	17.4	27.4	10.05	 .0724	0.00	---	---	---	---	157	1	68.9	10
06/04/17	10:50	19.2	19.4	19.2	90	17.5	3.2	NW	0.54	9.7	NNW	19.2	20.0	20.0	---	1017.9	0.00	0.8	51	0.73	90	0.1	0.01	0.5	0.000	0.006	27.2	56	17.7	27.8	10.05	 .0723	0.00	---	---	---	---	153	1	67.1	10
06/04/17	11:00	19.2	19.2	19.2	92	17.8	0.0	NNW	0.00	3.2	NNW	19.2	19.9	19.9	---	1017.7	0.40	2.8	90	1.29	111	0.5	0.04	0.7	0.000	0.006	27.2	56	17.7	27.8	10.05	 .0723	0.05	---	---	---	---	143	1	62.7	10
06/04/17	11:10	19.3	19.3	19.2	91	17.8	0.0	NNW	0.00	1.6	NNW	19.3	20.1	20.1	---	1017.6	0.00	0.8	115	1.65	128	0.7	0.05	0.9	0.000	0.007	27.4	56	17.9	28.2	10.05	 .0722	0.00	---	---	---	---	162	1	71.1	10
06/04/17	11:20	19.3	19.3	19.3	91	17.8	1.6	NE	0.27	3.2	NNE	19.3	20.2	20.2	---	1017.2	0.40	2.4	138	1.98	153	1.0	0.07	1.2	0.000	0.007	27.6	57	18.3	28.4	10.18	 .0721	0.00	---	---	---	---	148	1	64.9	10
06/04/17	11:30	19.3	19.3	19.3	91	17.8	1.6	ENE	0.27	4.8	ENE	19.3	20.1	20.1	---	1016.9	0.00	1.0	175	2.51	185	1.4	0.10	1.5	0.000	0.007	27.7	57	18.4	28.6	10.19	 .0720	0.00	---	---	---	---	150	1	65.8	10
06/04/17	11:40	19.4	19.4	19.3	91	17.9	1.6	ENE	0.27	4.8	ENE	19.4	20.2	20.2	---	1016.8	0.00	0.0	208	2.98	230	1.7	0.12	2.0	0.000	0.007	27.8	56	18.2	28.7	10.05	 .0720	0.00	---	---	---	---	145	1	63.6	10
06/04/17	11:50	19.6	19.6	19.4	91	18.1	1.6	ENE	0.27	4.8	ENE	19.6	20.5	20.5	---	1016.5	0.00	0.0	239	3.43	243	2.2	0.16	2.5	0.000	0.009	27.8	57	18.5	28.7	10.19	 .0720	0.00	---	---	---	---	152	1	66.7	10
06/04/17	12:00	19.7	19.7	19.6	90	18.0	1.6	ENE	0.27	4.8	ENE	19.7	20.6	20.6	---	1016.3	0.00	0.0	255	3.66	274	2.3	0.16	2.6	0.000	0.010	27.8	57	18.5	28.7	10.19	 .0720	0.10	---	---	---	---	172	1	75.4	10
06/04/17	12:10	19.9	19.9	19.7	89	18.1	1.6	ENE	0.27	6.4	NNW	19.9	20.8	20.8	---	1016.2	0.00	0.0	310	4.44	318	2.8	0.20	3.0	0.000	0.011	27.7	56	18.1	28.5	10.05	 .0720	0.00	---	---	---	---	171	1	75.0	10
06/04/17	12:20	20.2	20.2	19.9	90	18.5	1.6	NNW	0.27	6.4	NNW	20.2	21.2	21.2	---	1015.9	0.00	0.0	332	4.76	387	3.1	0.22	3.7	0.000	0.013	27.7	57	18.4	28.6	10.19	 .0720	0.00	---	---	---	---	162	1	71.1	10
06/04/17	12:30	20.8	20.8	20.2	87	18.5	1.6	NNW	0.27	4.8	WSW	20.8	21.8	21.8	---	1015.7	0.00	0.0	437	6.26	517	4.1	0.29	4.5	0.000	0.017	27.8	56	18.2	28.7	10.05	 .0719	0.00	---	---	---	---	156	1	68.4	10
06/04/17	12:40	21.1	21.1	20.8	86	18.6	1.6	WNW	0.27	6.4	WNW	21.1	21.9	21.9	---	1015.5	0.00	0.0	425	6.09	439	4.2	0.30	4.3	0.000	0.019	27.7	57	18.4	28.6	10.19	 .0719	0.00	---	---	---	---	171	1	75.0	10
06/04/17	12:50	21.4	21.4	21.1	86	19.0	1.6	WNW	0.27	6.4	WNW	21.4	22.4	22.4	---	1015.4	0.00	0.0	409	5.86	425	3.9	0.28	4.1	0.000	0.022	27.7	57	18.4	28.6	10.19	 .0719	0.00	---	---	---	---	149	1	65.4	10
06/04/17	13:00	21.8	21.8	21.4	84	19.0	1.6	WSW	0.27	6.4	SW	21.8	22.8	22.8	---	1015.2	0.00	0.0	372	5.33	378	3.4	0.24	3.5	0.000	0.024	27.7	57	18.4	28.6	10.19	 .0719	0.23	---	---	---	---	171	1	75.0	10
06/04/17	13:10	21.9	21.9	21.8	83	18.9	1.6	WSW	0.27	6.4	NW	21.9	22.8	22.8	---	1015.0	0.00	0.0	369	5.29	376	3.2	0.23	3.4	0.000	0.025	27.7	57	18.4	28.6	10.19	 .0719	0.00	---	---	---	---	168	1	73.7	10
06/04/17	13:20	22.1	22.1	21.9	83	19.1	1.6	WNW	0.27	6.4	WNW	22.1	23.0	23.0	---	1014.8	0.00	0.0	393	5.63	473	3.4	0.24	3.9	0.000	0.026	27.8	56	18.2	28.7	10.05	 .0719	0.00	---	---	---	---	167	1	73.2	10
06/04/17	13:30	22.6	22.6	22.1	83	19.5	1.6	WNW	0.27	6.4	WNW	22.6	23.6	23.6	---	1014.7	0.00	0.0	546	7.83	745	4.5	0.32	4.8	0.000	0.029	27.8	57	18.5	28.7	10.19	 .0718	0.00	---	---	---	---	171	1	75.0	10
06/04/17	13:40	22.8	22.8	22.6	82	19.5	1.6	WNW	0.27	6.4	NW	22.8	23.8	23.8	---	1014.4	0.00	0.0	415	5.95	490	3.5	0.25	3.9	0.000	0.031	27.8	57	18.5	28.8	10.19	 .0718	0.00	---	---	---	---	190	1	83.3	10
06/04/17	13:50	22.9	22.9	22.8	81	19.5	1.6	WNW	0.27	6.4	WNW	22.9	24.0	24.0	---	1014.2	0.00	0.0	409	5.86	555	3.3	0.24	4.1	0.000	0.032	27.7	48	15.7	27.8	8.81	 .0721	0.00	---	---	---	---	198	1	86.8	10
06/04/17	14:00	23.3	23.3	22.9	79	19.5	3.2	SSW	0.54	6.4	SE	23.3	24.4	24.4	---	1014.0	0.00	0.0	543	7.78	635	4.0	0.29	4.5	0.000	0.035	26.9	48	15.0	26.9	8.84	 .0723	0.28	---	---	---	---	200	1	87.7	10
06/04/17	14:10	23.7	23.7	23.4	78	19.7	1.6	SW	0.27	6.4	SW	23.7	24.9	24.9	---	1013.8	0.00	0.0	491	7.04	563	3.7	0.26	4.1	0.000	0.037	26.8	50	15.5	26.9	9.14	 .0723	0.00	---	---	---	---	193	1	84.6	10
06/04/17	14:20	24.0	24.0	23.8	78	19.9	1.6	SW	0.27	6.4	W	24.0	25.3	25.3	---	1013.8	0.00	0.0	439	6.29	462	3.4	0.24	3.9	0.000	0.039	26.1	54	16.1	26.4	9.77	 .0724	0.00	---	---	---	---	198	1	86.8	10
06/04/17	14:30	23.9	24.1	23.9	77	19.7	1.6	NW	0.27	8.0	NW	23.9	25.2	25.2	---	1013.5	0.00	0.0	315	4.52	385	2.4	0.17	2.9	0.000	0.039	26.1	52	15.5	26.3	9.47	 .0724	0.00	---	---	---	---	203	1	89.0	10
06/04/17	14:40	24.1	24.1	23.9	77	19.8	1.6	SW	0.27	6.4	SW	24.1	25.4	25.4	---	1013.4	0.00	0.0	346	4.96	461	2.3	0.16	2.7	0.000	0.040	25.7	60	17.3	26.2	10.82	 .0724	0.00	---	---	---	---	195	1	85.5	10
06/04/17	14:50	24.4	24.4	24.1	76	19.9	1.6	SW	0.27	8.0	W	24.4	25.8	25.8	---	1013.3	0.00	0.0	473	6.78	499	3.1	0.22	3.4	0.000	0.042	25.6	52	15.0	25.7	9.49	 .0726	0.00	---	---	---	---	197	1	86.4	10
06/04/17	15:00	24.8	24.8	24.4	73	19.7	1.6	SW	0.27	8.0	NNW	24.8	26.1	26.1	---	1013.0	0.00	0.0	543	7.78	717	3.2	0.23	3.7	0.000	0.045	25.6	63	18.0	26.2	11.39	 .0723	0.28	---	---	---	---	188	1	82.5	10
06/04/17	15:10	25.1	25.1	24.9	73	19.9	1.6	WSW	0.27	6.4	NW	25.1	26.4	26.4	---	1013.0	0.00	0.0	411	5.89	499	2.5	0.18	2.7	0.000	0.047	25.7	57	16.5	26.1	10.22	 .0724	0.00	---	---	---	---	162	1	71.1	10
06/04/17	15:20	25.3	25.3	25.1	73	20.1	1.6	W	0.27	6.4	W	25.3	26.6	26.6	---	1012.9	0.00	0.0	368	5.28	504	1.9	0.14	2.4	0.000	0.048	26.2	62	18.4	27.0	11.17	 .0721	0.00	---	---	---	---	178	1	78.1	10
06/04/17	15:30	24.7	25.3	24.7	72	19.3	3.2	WNW	0.54	8.0	WNW	24.7	25.9	25.9	---	1012.8	0.00	0.0	165	2.37	195	1.1	0.08	1.5	0.000	0.044	26.2	55	16.5	26.6	9.88	 .0723	0.00	---	---	---	---	171	1	75.0	10
06/04/17	15:40	24.3	24.7	24.3	74	19.4	1.6	NW	0.27	6.4	W	24.3	25.6	25.6	---	1012.7	0.00	0.0	191	2.74	199	0.9	0.06	1.0	0.000	0.042	26.3	62	18.4	27.1	11.16	 .0721	0.00	---	---	---	---	155	1	68.0	10
06/04/17	15:50	24.2	24.3	24.2	75	19.5	1.6	NW	0.27	6.4	NW	24.2	25.5	25.5	---	1012.7	0.00	0.0	185	2.65	204	0.8	0.06	0.9	0.000	0.041	26.2	56	16.7	26.6	10.08	 .0722	0.00	---	---	---	---	165	1	72.4	10
06/04/17	16:00	24.2	24.2	24.2	76	19.7	1.6	NW	0.27	6.4	NW	24.2	25.4	25.4	---	1012.8	0.00	0.0	139	1.99	149	0.4	0.03	0.6	0.000	0.041	26.3	63	18.7	27.1	11.36	 .0720	0.18	---	---	---	---	153	1	67.1	10
06/04/17	16:10	23.9	24.2	23.9	76	19.5	1.6	NW	0.27	8.0	NNW	23.9	25.2	25.2	---	1012.7	0.00	0.0	132	1.89	135	0.0	0.00	0.0	0.000	0.039	26.4	54	16.3	26.7	9.76	 .0722	0.00	---	---	---	---	156	1	68.4	10
06/04/17	16:20	23.8	23.9	23.8	76	19.3	3.2	NNW	0.54	9.7	NW	23.8	24.9	24.9	---	1012.8	0.00	0.0	110	1.58	125	0.0	0.00	0.0	0.000	0.038	26.3	62	18.4	27.1	11.16	 .0721	0.00	---	---	---	---	159	1	69.7	10
06/04/17	16:30	23.7	23.8	23.6	77	19.4	1.6	WSW	0.27	6.4	WNW	23.7	24.8	24.8	---	1012.7	0.00	0.0	66	0.95	74	0.0	0.00	0.0	0.000	0.037	26.1	56	16.6	26.5	10.09	 .0723	0.00	---	---	---	---	139	1	61.0	10
06/04/17	16:40	23.6	23.7	23.6	77	19.3	1.6	NW	0.27	4.8	SSW	23.6	24.8	24.8	---	1012.7	0.00	0.0	57	0.82	60	0.0	0.00	0.0	0.000	0.037	26.0	63	18.4	26.8	11.37	 .0721	0.00	---	---	---	---	152	1	66.7	10
06/04/17	16:50	23.6	23.7	23.6	76	19.1	0.0	SW	0.00	3.2	SW	23.6	24.8	24.8	---	1012.6	0.00	0.0	62	0.89	65	0.0	0.00	0.0	0.000	0.037	26.1	54	16.1	26.4	9.77	 .0723	0.00	---	---	---	---	169	1	74.1	10
06/04/17	17:00	23.7	23.7	23.6	77	19.4	1.6	W	0.27	3.2	WSW	23.7	24.8	24.8	---	1012.8	0.00	0.0	70	1.00	72	0.0	0.00	0.0	0.000	0.037	25.9	62	18.0	26.6	11.18	 .0722	0.05	---	---	---	---	157	1	68.9	10
06/04/17	17:10	23.6	23.7	23.6	77	19.3	1.6	WNW	0.27	6.4	WNW	23.6	24.7	24.7	---	1012.8	0.00	0.0	54	0.77	63	0.0	0.00	0.0	0.000	0.036	26.2	58	17.3	26.7	10.38	 .0722	0.00	---	---	---	---	156	1	68.4	10
06/04/17	17:20	23.4	23.6	23.4	77	19.2	0.0	WNW	0.00	3.2	WNW	23.4	24.6	24.6	---	1012.8	0.00	0.0	37	0.53	44	0.0	0.00	0.0	0.000	0.035	26.3	61	18.2	27.0	10.96	 .0721	0.00	---	---	---	---	160	1	70.2	10
06/04/17	17:30	23.4	23.5	23.4	79	19.5	0.0	WNW	0.00	3.2	WNW	23.4	24.5	24.5	---	1012.7	0.00	0.0	23	0.33	30	0.0	0.00	0.0	0.000	0.035	26.2	62	18.4	27.0	11.17	 .0721	0.00	---	---	---	---	179	1	78.5	10
06/04/17	17:40	23.1	23.4	23.1	81	19.7	1.6	WNW	0.27	6.4	WNW	23.1	24.2	24.2	---	1012.7	0.00	0.0	14	0.20	18	0.0	0.00	0.0	0.000	0.033	26.3	62	18.4	27.1	11.16	 .0721	0.00	---	---	---	---	203	1	89.0	10
06/04/17	17:50	22.7	23.1	22.7	82	19.5	1.6	NW	0.27	3.2	NW	22.7	23.8	23.8	---	1012.7	0.00	0.0	5	0.07	9	0.0	0.00	0.0	0.000	0.030	26.3	60	17.9	26.9	10.78	 .0721	0.00	---	---	---	---	193	1	84.6	10
06/04/17	18:00	22.4	22.7	22.4	84	19.6	1.6	NNE	0.27	6.4	NNE	22.4	23.4	23.4	---	1012.9	0.00	0.0	0	0.00	0	0.0	0.00	0.0	0.000	0.028	26.3	61	18.2	27.0	10.96	 .0721	0.03	---	---	---	---	195	1	85.5	10
06/04/17	18:10	22.0	22.4	22.0	86	19.5	1.6	NNE	0.27	4.8	NNE	22.0	23.1	23.1	---	1013.0	0.00	0.0	0	0.00	0	0.0	0.00	0.0	0.000	0.025	26.5	61	18.4	27.3	10.96	 .0720	0.00	---	---	---	---	193	1	84.6	10
06/04/17	18:20	21.7	22.0	21.7	87	19.5	1.6	N	0.27	4.8	NNE	21.7	22.8	22.8	---	1012.9	0.00	0.0	0	0.00	0	0.0	0.00	0.0	0.000	0.024	26.4	62	18.5	27.2	11.16	 .0720	0.00	---	---	---	---	197	1	86.4	10
06/04/17	18:30	21.5	21.7	21.5	88	19.4	1.6	N	0.27	6.4	N	21.5	22.6	22.6	---	1013.0	0.00	0.0	0	0.00	0	0.0	0.00	0.0	0.000	0.022	26.5	62	18.6	27.3	11.16	 .0720	0.00	---	---	---	---	192	1	84.2	10
06/04/17	18:40	21.3	21.5	21.3	88	19.2	1.6	N	0.27	3.2	N	21.3	22.3	22.3	---	1012.9	0.00	0.0	0	0.00	0	0.0	0.00	0.0	0.000	0.020	26.4	63	18.8	27.3	11.36	 .0720	0.00	---	---	---	---	186	1	81.6	10
06/04/17	18:50	21.1	21.2	21.1	89	19.2	1.6	N	0.27	3.2	N	21.1	22.2	22.2	---	1012.9	0.00	0.0	0	0.00	0	0.0	0.00	0.0	0.000	0.019	26.5	63	18.9	27.4	11.36	 .0720	0.00	---	---	---	---	193	1	84.6	10
06/04/17	19:00	20.9	21.1	20.9	89	19.1	1.6	N	0.27	3.2	N	20.9	22.0	22.0	---	1013.0	0.00	0.0	0	0.00	0	0.0	0.00	0.0	0.000	0.018	26.6	63	19.0	27.6	11.35	 .0719	0.00	---	---	---	---	187	1	82.0	10
06/04/17	19:10	20.9	21.0	20.9	90	19.2	1.6	N	0.27	3.2	N	20.9	22.0	22.0	---	1013.1	0.00	0.0	0	0.00	0	0.0	0.00	0.0	0.000	0.018	26.5	63	18.9	27.4	11.36	 .0720	0.00	---	---	---	---	195	1	85.5	10
06/04/17	19:20	20.7	20.9	20.7	90	19.0	1.6	N	0.27	6.4	NE	20.7	21.8	21.8	---	1013.3	0.00	0.0	0	0.00	0	0.0	0.00	0.0	0.000	0.017	26.5	63	18.9	27.4	11.36	 .0720	0.00	---	---	---	---	189	1	82.9	10
06/04/17	19:30	20.6	20.7	20.6	91	19.1	1.6	NE	0.27	4.8	NE	20.6	21.8	21.8	---	1013.4	0.00	0.0	0	0.00	0	0.0	0.00	0.0	0.000	0.016	26.4	63	18.8	27.3	11.36	 .0720	0.00	---	---	---	---	184	1	80.7	10
06/04/17	19:40	20.6	20.6	20.6	91	19.0	1.6	N	0.27	3.2	N	20.6	21.7	21.7	---	1013.6	0.00	0.0	0	0.00	0	0.0	0.00	0.0	0.000	0.015	26.4	63	18.8	27.3	11.36	 .0721	0.00	---	---	---	---	192	1	84.2	10
06/04/17	19:50	20.5	20.6	20.5	91	19.0	1.6	N	0.27	3.2	N	20.5	21.6	21.6	---	1013.6	0.00	0.0	0	0.00	0	0.0	0.00	0.0	0.000	0.015	26.3	63	18.7	27.1	11.36	 .0721	0.00	---	---	---	---	191	1	83.8	10
06/04/17	20:00	20.3	20.5	20.3	91	18.8	1.6	N	0.27	4.8	N	20.3	21.4	21.4	---	1013.8	0.00	0.0	0	0.00	0	0.0	0.00	0.0	0.000	0.014	26.3	63	18.7	27.1	11.36	 .0721	0.00	---	---	---	---	189	1	82.9	10
06/04/17	20:10	20.3	20.3	20.3	92	19.0	1.6	N	0.27	3.2	N	20.3	21.4	21.4	---	1013.9	0.00	0.0	0	0.00	0	0.0	0.00	0.0	0.000	0.014	26.5	63	18.9	27.4	11.36	 .0720	0.00	---	---	---	---	184	1	80.7	10
06/04/17	20:20	20.3	20.3	20.3	92	19.0	0.0	N	0.00	3.2	N	20.3	21.4	21.4	---	1014.0	0.00	0.0	0	0.00	0	0.0	0.00	0.0	0.000	0.014	26.4	63	18.8	27.3	11.36	 .0721	0.00	---	---	---	---	193	1	84.6	10
06/04/17	20:30	20.4	20.4	20.3	92	19.0	1.6	N	0.27	3.2	N	20.4	21.5	21.5	---	1014.1	0.00	0.0	0	0.00	0	0.0	0.00	0.0	0.000	0.014	26.4	63	18.8	27.3	11.36	 .0721	0.00	---	---	---	---	183	1	80.3	10
06/04/17	20:40	20.4	20.4	20.3	92	19.0	0.0	N	0.00	1.6	N	20.4	21.5	21.5	---	1014.1	0.00	0.0	0	0.00	0	0.0	0.00	0.0	0.000	0.014	26.3	63	18.7	27.1	11.36	 .0721	0.00	---	---	---	---	181	1	79.4	10
06/04/17	20:50	20.2	20.4	20.2	92	18.9	1.6	N	0.27	4.8	N	20.2	21.3	21.3	---	1014.1	0.00	0.0	0	0.00	0	0.0	0.00	0.0	0.000	0.013	26.3	63	18.7	27.1	11.36	 .0721	0.00	---	---	---	---	189	1	82.9	10
06/04/17	21:00	20.2	20.2	20.2	92	18.8	1.6	N	0.27	3.2	N	20.2	21.2	21.2	---	1014.1	0.00	0.0	0	0.00	0	0.0	0.00	0.0	0.000	0.013	26.5	63	18.9	27.4	11.36	 .0721	0.00	---	---	---	---	177	1	77.6	10
06/04/17	21:10	20.1	20.2	20.1	93	18.9	1.6	N	0.27	3.2	N	20.1	21.1	21.1	---	1014.2	0.00	0.0	0	0.00	0	0.0	0.00	0.0	0.000	0.012	26.3	64	18.9	27.2	11.56	 .0721	0.00	---	---	---	---	185	1	81.1	10
06/04/17	21:20	20.1	20.1	20.1	93	18.9	1.6	N	0.27	4.8	N	20.1	21.1	21.1	---	1014.0	0.00	0.0	0	0.00	0	0.0	0.00	0.0	0.000	0.012	26.3	63	18.7	27.1	11.36	 .0721	0.00	---	---	---	---	182	1	79.8	10
06/04/17	21:30	20.1	20.1	20.0	93	18.9	1.6	N	0.27	3.2	N	20.1	21.1	21.1	---	1014.1	0.00	0.0	0	0.00	0	0.0	0.00	0.0	0.000	0.012	26.3	64	18.9	27.2	11.56	 .0721	0.00	---	---	---	---	186	1	81.6	10
06/04/17	21:40	20.1	20.1	20.1	93	18.9	0.0	N	0.00	3.2	N	20.1	21.1	21.1	---	1014.2	0.00	0.0	0	0.00	0	0.0	0.00	0.0	0.000	0.012	26.3	64	18.9	27.2	11.56	 .0721	0.00	---	---	---	---	184	1	80.7	10
06/04/17	21:50	20.0	20.1	19.9	93	18.8	0.0	N	0.00	3.2	N	20.0	21.0	21.0	---	1014.0	0.00	0.0	0	0.00	0	0.0	0.00	0.0	0.000	0.012	26.4	63	18.8	27.3	11.36	 .0721	0.00	---	---	---	---	174	1	76.3	10
06/04/17	22:00	19.9	20.0	19.9	93	18.8	0.0	N	0.00	3.2	N	19.9	20.9	20.9	---	1014.1	0.00	0.0	0	0.00	0	0.0	0.00	0.0	0.000	0.011	26.2	64	18.9	27.1	11.57	 .0721	0.00	---	---	---	---	177	1	77.6	10
06/04/17	22:10	19.9	19.9	19.9	93	18.7	0.0	N	0.00	3.2	N	19.9	20.9	20.9	---	1014.1	0.00	0.0	0	0.00	0	0.0	0.00	0.0	0.000	0.011	26.3	63	18.7	27.1	11.36	 .0721	0.00	---	---	---	---	182	1	79.8	10
06/04/17	22:20	20.0	20.0	19.9	94	19.0	0.0	---	0.00	0.0	---	20.0	21.1	21.1	---	1014.1	0.00	0.0	0	0.00	0	0.0	0.00	0.0	0.000	0.012	26.2	64	18.9	27.1	11.57	 .0721	0.00	---	---	---	---	182	1	79.8	10
06/04/17	22:30	20.1	20.1	20.0	93	18.9	1.6	N	0.27	4.8	N	20.1	21.2	21.2	---	1014.1	0.00	0.0	0	0.00	0	0.0	0.00	0.0	0.000	0.012	26.2	64	18.9	27.1	11.57	 .0721	0.00	---	---	---	---	176	1	77.2	10
06/04/17	22:40	20.0	20.1	19.9	93	18.8	1.6	N	0.27	4.8	N	20.0	21.0	21.0	---	1014.2	0.00	0.0	0	0.00	0	0.0	0.00	0.0	0.000	0.012	26.1	64	18.8	27.0	11.57	 .0722	0.00	---	---	---	---	185	1	81.1	10
06/04/17	22:50	20.0	20.0	19.9	93	18.8	1.6	NNE	0.27	4.8	NNE	20.0	21.0	21.0	---	1014.3	0.00	0.0	0	0.00	0	0.0	0.00	0.0	0.000	0.012	26.1	64	18.8	27.0	11.57	 .0722	0.00	---	---	---	---	190	1	83.3	10
06/04/17	23:00	20.0	20.0	19.9	94	19.0	1.6	NNE	0.27	3.2	NNE	20.0	21.1	21.1	---	1014.2	0.00	0.0	0	0.00	0	0.0	0.00	0.0	0.000	0.012	26.1	64	18.8	27.0	11.57	 .0722	0.00	---	---	---	---	182	1	79.8	10
06/04/17	23:10	20.1	20.1	20.0	93	18.9	1.6	NNE	0.27	3.2	NNE	20.1	21.2	21.2	---	1014.1	0.00	0.0	0	0.00	0	0.0	0.00	0.0	0.000	0.012	25.9	64	18.6	26.7	11.58	 .0722	0.00	---	---	---	---	184	1	80.7	10
06/04/17	23:20	20.1	20.1	20.1	93	18.9	1.6	NNE	0.27	3.2	NNE	20.1	21.1	21.1	---	1014.1	0.00	0.0	0	0.00	0	0.0	0.00	0.0	0.000	0.012	26.0	64	18.7	26.8	11.57	 .0722	0.00	---	---	---	---	186	1	81.6	10
06/04/17	23:30	20.1	20.1	20.1	94	19.1	1.6	NNE	0.27	3.2	NNE	20.1	21.1	21.1	---	1013.9	0.20	0.0	0	0.00	0	0.0	0.00	0.0	0.000	0.012	25.9	64	18.6	26.7	11.58	 .0722	0.00	---	---	---	---	189	1	82.9	10
06/04/17	23:40	20.1	20.1	20.1	94	19.1	0.0	NNE	0.00	3.2	NNE	20.1	21.2	21.2	---	1013.9	0.00	0.0	0	0.00	0	0.0	0.00	0.0	0.000	0.012	25.9	64	18.6	26.7	11.58	 .0722	0.00	---	---	---	---	186	1	81.6	10
06/04/17	23:50	20.0	20.1	20.0	94	19.0	0.0	NNE	0.00	3.2	NNE	20.0	21.1	21.1	---	1013.7	0.20	2.0	0	0.00	0	0.0	0.00	0.0	0.000	0.012	26.0	64	18.7	26.8	11.57	 .0722	0.00	---	---	---	---	181	1	79.4	10
07/04/17	00:00	20.0	20.0	20.0	94	19.0	0.0	NNE	0.00	1.6	NNE	20.0	21.1	21.1	---	1013.5	0.20	2.0	0	0.00	0	0.0	0.00	0.0	0.000	0.012	25.8	65	18.7	26.6	11.78	 .0722	0.00	---	---	---	---	171	1	75.0	10
